12
Layers:
[ <ZL-Module with torsions [ 2 ]>, <ZL-Module with torsions [ 2 ]>, <ZL-Module with torsions [ 2, 2, 4 ]> ]
[ "Majorana generator #", 1 ]
[ 9909, 1291, 12254, 13022 ]
[ [   330,     0,  -743,   554,   216,     0,   648,   -48,     0,     0,     0,     0 ],
  [    71,     0,  -115,   101,    40,     0,   112,   -16,     0,     0,     0,     0 ],
  [  -165,     0,   341,  -243,   -98,     0,  -304,    28,     0,     0,     0,     0 ],
  [  -104,     0,   258,  -202,   -76,     0,  -220,    12,     0,     0,     0,     0 ] ]
[ [     86,      0,      0,    -86,      0,  -1290,      0,      0,     86,     86,      0,      0,     86,      0,    -86,\
      0,      0,      0,      0,    172 ],
  [     21,      0,      0,    -21,      0,   -315,      0,      0,     21,     21,      0,      0,     21,      0,    -21,\
      0,      0,      0,      0,     42 ],
  [    -42,      0,      0,     42,      0,    630,      0,      0,    -42,    -42,      0,      0,    -42,      0,     42,\
      0,      0,      0,      0,    -84 ],
  [    -28,      0,      0,     28,      0,    420,      0,      0,    -28,    -28,      0,      0,    -28,      0,     28,\
      0,      0,      0,      0,    -56 ] ]
3
[ 1, 0, 3 ]
[ "Complex generator #", 1 ]
[ 1, 0, 3 ]

12
Layers:
[ <ZL-Module with torsions [ 2 ]>, <ZL-Module with torsions [ 2 ]>, <ZL-Module with torsions [ 2, 2, 4 ]> ]
[ "Majorana generator #", 1 ]
[ -10533, -1121, -12892, -13872 ]
[ [  -330,     0,   743,  -554,  -216,     0,  -648,    48,     0,     0,     0,     0 ],
  [   -71,     0,   115,  -101,   -40,     0,  -112,    16,     0,     0,     0,     0 ],
  [   165,     0,  -341,   243,    98,     0,   304,   -28,     0,     0,     0,     0 ],
  [   104,     0,  -258,   202,    76,     0,   220,   -12,     0,     0,     0,     0 ] ]
[ [     447,      -9,       0,    -444,       3,   -6702,       0,       0,     447,     447,       0,       0,     447,   \
   -6,    -447,      -6,       0,       0,       0,     894 ],
  [     104,      -3,       0,    -103,       1,   -1559,       0,       0,     104,     104,       0,       0,     104,   \
   -2,    -104,      -2,       0,       0,       0,     208 ],
  [    -215,       6,       0,     213,      -2,    3223,       0,       0,    -215,    -215,       0,       0,    -215,   \
    4,     215,       4,       0,       0,       0,    -430 ],
  [    -148,     3/2,       0,   295/2,    -1/2,  4439/2,       0,       0,    -148,    -148,       0,       0,    -148,   \
    1,     148,       1,       0,       0,       0,    -296 ] ]
ASSERTION FAILURE: top layer is not a cocycle3
[ 0, 1, 2 ]
[ "Complex generator #", 1 ]
[ 1, 0, 3 ]